{
 "cells": [
  {
   "cell_type": "code",
   "execution_count": 1,
   "metadata": {},
   "outputs": [],
   "source": [
    "import pandas as pd\n",
    "from sklearn.feature_selection import SelectKBest, chi2\n",
    "import numpy as np\n",
    "\n",
    "def readNames(file_name='data_set/sick'):\n",
    "    dataset_labels = []\n",
    "    with open(f\"{file_name}.names\", \"r\") as f:\n",
    "        for line in f:\n",
    "            colon_idx = line.find(\":\")\n",
    "            name = line[:colon_idx]\n",
    "            dataset_labels.append(name)\n",
    "    return dataset_labels\n",
    "\n",
    "def clean_data(data):#deleting columns which informing us if feature is measured or not\n",
    "    del data['TSH measured']\n",
    "    del data['T3 measured']\n",
    "    del data['TT4 measured']\n",
    "    del data['T4U measured']\n",
    "    del data['FTI measured']\n",
    "    del data['TBG measured']\n",
    "    del data['TBG']\n",
    "    \n",
    "def corelation(data,method=False):     #pearson, kendall, spearman \n",
    "    corr_algo = \"pearson\" if not method else method\n",
    "    return data.corr(method=corr_algo)\n",
    "\n",
    "def readDataset(dataset_name = 'data_set/sick.data'):\n",
    "    readed_names = readNames()\n",
    "    readed_data = pd.read_csv(dataset_name,\n",
    "                          names=readed_names,\n",
    "                          true_values=['t'],\n",
    "                          false_values=['f'],\n",
    "                          na_values=[\"?\"])\n",
    "    return readed_data\n",
    "\n",
    "def corr(readed_data):\n",
    "    corelation_value = corelation(readed_data)\n",
    "    s = corelation(readed_data).abs().unstack().sort_values(kind='quicksort')\n",
    "    s = s.drop_duplicates(keep='first')\n",
    "    for i in s:\n",
    "        print(s)\n",
    "        \n",
    "def delete_problematic_atributes(readed_data):\n",
    "    del readed_data['FTI']\n",
    "    del readed_data['referral source']\n",
    "    \n",
    "def data_standarization(readed_data):\n",
    "    readed_data['whatever'].replace(to_replace=r'.*negative.*', value='nagative', regex=True,inplace=True)\n",
    "    readed_data['whatever'].replace(to_replace=r'sick.*', value='sick', regex=True,inplace=True)\n",
    "    readed_data.replace(to_replace=False,value=0,inplace=True)\n",
    "    readed_data.replace(to_replace=True,value=1,inplace=True)\n",
    "    readed_data.replace(to_replace='F',value=0,inplace=True) # female = 0, male =1\n",
    "    readed_data.replace(to_replace='M',value=1,inplace=True) # female = 0, male =1\n",
    "    readed_data.fillna(0,inplace=True)\n",
    "    readed_data.replace(to_replace=\"nagative\",value=0,inplace=True)\n",
    "    readed_data.replace(to_replace=\"sick\",value=1,inplace=True)\n",
    "    \n",
    "    return readed_data\n",
    "\n",
    "def split_atributes_from_results(readed_data):\n",
    "    y_set = readed_data['whatever'][:]\n",
    "    x_set = readed_data[:]\n",
    "    del x_set['whatever']\n",
    "    \n",
    "    return x_set, y_set\n",
    "\n",
    "from sklearn.metrics import confusion_matrix\n",
    "from sklearn.model_selection import RepeatedStratifiedKFold\n",
    "from sklearn.metrics import accuracy_score\n",
    "from sklearn.neural_network import MLPClassifier\n",
    "from sklearn.model_selection import KFold\n",
    "import copy\n",
    "\n",
    "scores = np.zeros((7,6,5))\n",
    "\n",
    "def train_evaluate(X, y, clsf):\n",
    "    \n",
    "    HIDDEN_LAYERS_IDX = 0\n",
    "    MOMENTUM_IDX = 1\n",
    "\n",
    "    for i in range(1,8):        \n",
    "        z = SelectKBest(chi2, k=i).fit(X, y)       \n",
    "        X_local = z.transform(X)\n",
    "        y_local = copy.deepcopy(y)\n",
    "        kf = KFold(n_splits=5, shuffle=True, random_state=1234)\n",
    "        \n",
    "        for idx,key in enumerate(clsf):\n",
    "            \n",
    "            momentum_value = 0.9 if clsf[key][MOMENTUM_IDX] else 0.0\n",
    "            \n",
    "            mlp = MLPClassifier(hidden_layer_sizes=(clsf[key][HIDDEN_LAYERS_IDX],),\n",
    "                    max_iter=1000,\n",
    "                    alpha=0.0001,\n",
    "                    momentum=momentum_value,\n",
    "                    nesterovs_momentum=clsf[key][MOMENTUM_IDX],\n",
    "                    solver='sgd',\n",
    "                    verbose=False,\n",
    "                    tol=0.0001,\n",
    "                    random_state=1234)\n",
    "            \n",
    "            score_idx= 0\n",
    "            \n",
    "            for train_index, test_index in kf.split(X_local):\n",
    "                x_train, x_test = X_local[train_index], X_local[test_index]\n",
    "                y_train, y_test = y_local[train_index], y_local[test_index]\n",
    "        \n",
    "                mlp.fit(x_train, y_train)\n",
    "                prediction = mlp.predict(x_test)\n",
    "                s = mlp.score(x_test, y_test)\n",
    "                \n",
    "                print(f\"Momentum {clsf[key][MOMENTUM_IDX]} layers {clsf[key][HIDDEN_LAYERS_IDX]} score {s}\")\n",
    "                \n",
    "                scores[i-1][idx][score_idx] = s\n",
    "                score_idx +=1\n",
    "\n",
    "\n",
    "#             mlp.fit(x_train, y_train)\n",
    "#             prediction = mlp.predict(x_test)\n",
    "#             conf_mat = confusion_matrix(y_test, prediction)\n",
    "#             s = mlp.score(x_test, y_test)\n",
    "#             print(f\"Score for {hidden_layer_width}, momentum: {momentum}, count folds: {i}, Score: {s}\")\n",
    "            \n",
    "#             scores.append({\n",
    "#                     \"scores\": s,\n",
    "#                     \"layer_width\": hidden_layer_width,\n",
    "#                     \"momentum\": momentum,\n",
    "#                     \"feature_number\": i,\n",
    "#                     \"confusion_matrix\": conf_mat\n",
    "#                 })\n",
    "\n"
   ]
  },
  {
   "cell_type": "code",
   "execution_count": 26,
   "metadata": {},
   "outputs": [
    {
     "data": {
      "text/html": [
       "<div>\n",
       "<style scoped>\n",
       "    .dataframe tbody tr th:only-of-type {\n",
       "        vertical-align: middle;\n",
       "    }\n",
       "\n",
       "    .dataframe tbody tr th {\n",
       "        vertical-align: top;\n",
       "    }\n",
       "\n",
       "    .dataframe thead th {\n",
       "        text-align: right;\n",
       "    }\n",
       "</style>\n",
       "<table border=\"1\" class=\"dataframe\">\n",
       "  <thead>\n",
       "    <tr style=\"text-align: right;\">\n",
       "      <th></th>\n",
       "      <th>Feature</th>\n",
       "      <th>Scores</th>\n",
       "    </tr>\n",
       "  </thead>\n",
       "  <tbody>\n",
       "    <tr>\n",
       "      <th>0</th>\n",
       "      <td>age</td>\n",
       "      <td>531.907507</td>\n",
       "    </tr>\n",
       "    <tr>\n",
       "      <th>18</th>\n",
       "      <td>TT4</td>\n",
       "      <td>105.482713</td>\n",
       "    </tr>\n",
       "    <tr>\n",
       "      <th>17</th>\n",
       "      <td>T3</td>\n",
       "      <td>57.466796</td>\n",
       "    </tr>\n",
       "    <tr>\n",
       "      <th>5</th>\n",
       "      <td>sick</td>\n",
       "      <td>20.179940</td>\n",
       "    </tr>\n",
       "    <tr>\n",
       "      <th>14</th>\n",
       "      <td>hypopituitary</td>\n",
       "      <td>15.374269</td>\n",
       "    </tr>\n",
       "    <tr>\n",
       "      <th>9</th>\n",
       "      <td>query hypothyroid</td>\n",
       "      <td>10.796240</td>\n",
       "    </tr>\n",
       "    <tr>\n",
       "      <th>2</th>\n",
       "      <td>on thyroxine</td>\n",
       "      <td>10.586381</td>\n",
       "    </tr>\n",
       "    <tr>\n",
       "      <th>1</th>\n",
       "      <td>sex</td>\n",
       "      <td>4.250914</td>\n",
       "    </tr>\n",
       "    <tr>\n",
       "      <th>10</th>\n",
       "      <td>query hyperthyroid</td>\n",
       "      <td>3.122262</td>\n",
       "    </tr>\n",
       "    <tr>\n",
       "      <th>13</th>\n",
       "      <td>tumor</td>\n",
       "      <td>2.733642</td>\n",
       "    </tr>\n",
       "    <tr>\n",
       "      <th>6</th>\n",
       "      <td>pregnant</td>\n",
       "      <td>2.666793</td>\n",
       "    </tr>\n",
       "    <tr>\n",
       "      <th>7</th>\n",
       "      <td>thyroid surgery</td>\n",
       "      <td>2.536706</td>\n",
       "    </tr>\n",
       "    <tr>\n",
       "      <th>4</th>\n",
       "      <td>on antithyroid medication</td>\n",
       "      <td>2.211487</td>\n",
       "    </tr>\n",
       "    <tr>\n",
       "      <th>16</th>\n",
       "      <td>TSH</td>\n",
       "      <td>1.796371</td>\n",
       "    </tr>\n",
       "    <tr>\n",
       "      <th>19</th>\n",
       "      <td>T4U</td>\n",
       "      <td>1.386628</td>\n",
       "    </tr>\n",
       "    <tr>\n",
       "      <th>8</th>\n",
       "      <td>I131 treatment</td>\n",
       "      <td>1.355331</td>\n",
       "    </tr>\n",
       "    <tr>\n",
       "      <th>3</th>\n",
       "      <td>query on thyroxine</td>\n",
       "      <td>1.057125</td>\n",
       "    </tr>\n",
       "    <tr>\n",
       "      <th>15</th>\n",
       "      <td>psych</td>\n",
       "      <td>0.650864</td>\n",
       "    </tr>\n",
       "    <tr>\n",
       "      <th>12</th>\n",
       "      <td>goitre</td>\n",
       "      <td>0.156209</td>\n",
       "    </tr>\n",
       "    <tr>\n",
       "      <th>11</th>\n",
       "      <td>lithium</td>\n",
       "      <td>0.026190</td>\n",
       "    </tr>\n",
       "  </tbody>\n",
       "</table>\n",
       "</div>"
      ],
      "text/plain": [
       "                      Feature      Scores\n",
       "0                         age  531.907507\n",
       "18                        TT4  105.482713\n",
       "17                         T3   57.466796\n",
       "5                        sick   20.179940\n",
       "14              hypopituitary   15.374269\n",
       "9           query hypothyroid   10.796240\n",
       "2                on thyroxine   10.586381\n",
       "1                         sex    4.250914\n",
       "10         query hyperthyroid    3.122262\n",
       "13                      tumor    2.733642\n",
       "6                    pregnant    2.666793\n",
       "7             thyroid surgery    2.536706\n",
       "4   on antithyroid medication    2.211487\n",
       "16                        TSH    1.796371\n",
       "19                        T4U    1.386628\n",
       "8              I131 treatment    1.355331\n",
       "3          query on thyroxine    1.057125\n",
       "15                      psych    0.650864\n",
       "12                     goitre    0.156209\n",
       "11                    lithium    0.026190"
      ]
     },
     "execution_count": 26,
     "metadata": {},
     "output_type": "execute_result"
    }
   ],
   "source": [
    "readed_data = readDataset()\n",
    "clean_data(readed_data)\n",
    "#corr(readed_data) // don't need to use more than once\n",
    "'''\n",
    "po analizie korelacji stwierdzamy zże TT4 i FTI są sbyt skorelowane i wyrzycamy FTI bo ma mnej wartości niebędąych\n",
    "nullami\n",
    "potem jeszcze wywalamy referral source (bo mi sie nie chiało tego standaryzowac)\n",
    "'''\n",
    "delete_problematic_atributes(readed_data)\n",
    "data_standarization(readed_data)\n",
    "\n",
    "x_set , y_set = split_atributes_from_results(readed_data)\n",
    "\n",
    "# ranking cech\n",
    "select_feature = SelectKBest(chi2, k='all').fit(x_set, y_set)\n",
    "selected_features_df = pd.DataFrame({'Feature':list(x_set.columns),\n",
    "                                    'Scores':select_feature.scores_})\n",
    "selected_features_df.sort_values(by='Scores', ascending=False)\n",
    "type(selected_features_df)"
   ]
  },
  {
   "cell_type": "code",
   "execution_count": 27,
   "metadata": {},
   "outputs": [
    {
     "name": "stdout",
     "output_type": "stream",
     "text": [
      "Momentum True layers 10 score 0.9178571428571428\n",
      "Momentum True layers 10 score 0.9410714285714286\n",
      "Momentum True layers 10 score 0.9446428571428571\n",
      "Momentum True layers 10 score 0.9392857142857143\n",
      "Momentum True layers 10 score 0.9517857142857142\n",
      "Momentum False layers 10 score 0.9178571428571428\n",
      "Momentum False layers 10 score 0.9410714285714286\n",
      "Momentum False layers 10 score 0.9446428571428571\n",
      "Momentum False layers 10 score 0.9392857142857143\n",
      "Momentum False layers 10 score 0.95\n",
      "Momentum True layers 50 score 0.9178571428571428\n",
      "Momentum True layers 50 score 0.9410714285714286\n",
      "Momentum True layers 50 score 0.9446428571428571\n",
      "Momentum True layers 50 score 0.9392857142857143\n",
      "Momentum True layers 50 score 0.9517857142857142\n",
      "Momentum False layers 50 score 0.9107142857142857\n",
      "Momentum False layers 50 score 0.9410714285714286\n",
      "Momentum False layers 50 score 0.9428571428571428\n",
      "Momentum False layers 50 score 0.9392857142857143\n",
      "Momentum False layers 50 score 0.9446428571428571\n",
      "Momentum True layers 100 score 0.9178571428571428\n",
      "Momentum True layers 100 score 0.9410714285714286\n",
      "Momentum True layers 100 score 0.9446428571428571\n",
      "Momentum True layers 100 score 0.9392857142857143\n",
      "Momentum True layers 100 score 0.9517857142857142\n",
      "Momentum False layers 100 score 0.9178571428571428\n",
      "Momentum False layers 100 score 0.9410714285714286\n",
      "Momentum False layers 100 score 0.9446428571428571\n",
      "Momentum False layers 100 score 0.9392857142857143\n",
      "Momentum False layers 100 score 0.9517857142857142\n",
      "Momentum True layers 10 score 0.9178571428571428\n",
      "Momentum True layers 10 score 0.9410714285714286\n",
      "Momentum True layers 10 score 0.9446428571428571\n",
      "Momentum True layers 10 score 0.9392857142857143\n",
      "Momentum True layers 10 score 0.9517857142857142\n",
      "Momentum False layers 10 score 0.9178571428571428\n",
      "Momentum False layers 10 score 0.9410714285714286\n",
      "Momentum False layers 10 score 0.9446428571428571\n",
      "Momentum False layers 10 score 0.9392857142857143\n",
      "Momentum False layers 10 score 0.9517857142857142\n",
      "Momentum True layers 50 score 0.9142857142857143\n",
      "Momentum True layers 50 score 0.9410714285714286\n",
      "Momentum True layers 50 score 0.9428571428571428\n",
      "Momentum True layers 50 score 0.9392857142857143\n",
      "Momentum True layers 50 score 0.9482142857142857\n",
      "Momentum False layers 50 score 0.9142857142857143\n",
      "Momentum False layers 50 score 0.9410714285714286\n",
      "Momentum False layers 50 score 0.9428571428571428\n",
      "Momentum False layers 50 score 0.9392857142857143\n",
      "Momentum False layers 50 score 0.9482142857142857\n",
      "Momentum True layers 100 score 0.9178571428571428\n",
      "Momentum True layers 100 score 0.9410714285714286\n",
      "Momentum True layers 100 score 0.9446428571428571\n",
      "Momentum True layers 100 score 0.9392857142857143\n",
      "Momentum True layers 100 score 0.9517857142857142\n",
      "Momentum False layers 100 score 0.9160714285714285\n",
      "Momentum False layers 100 score 0.9410714285714286\n",
      "Momentum False layers 100 score 0.9446428571428571\n",
      "Momentum False layers 100 score 0.9428571428571428\n",
      "Momentum False layers 100 score 0.95\n",
      "Momentum True layers 10 score 0.9178571428571428\n",
      "Momentum True layers 10 score 0.9410714285714286\n",
      "Momentum True layers 10 score 0.9446428571428571\n",
      "Momentum True layers 10 score 0.9392857142857143\n",
      "Momentum True layers 10 score 0.9517857142857142\n",
      "Momentum False layers 10 score 0.9178571428571428\n",
      "Momentum False layers 10 score 0.9410714285714286\n",
      "Momentum False layers 10 score 0.9446428571428571\n",
      "Momentum False layers 10 score 0.9392857142857143\n",
      "Momentum False layers 10 score 0.9517857142857142\n",
      "Momentum True layers 50 score 0.9178571428571428\n",
      "Momentum True layers 50 score 0.9410714285714286\n",
      "Momentum True layers 50 score 0.9446428571428571\n",
      "Momentum True layers 50 score 0.9392857142857143\n",
      "Momentum True layers 50 score 0.9517857142857142\n",
      "Momentum False layers 50 score 0.9160714285714285\n",
      "Momentum False layers 50 score 0.9410714285714286\n",
      "Momentum False layers 50 score 0.9339285714285714\n",
      "Momentum False layers 50 score 0.9267857142857143\n",
      "Momentum False layers 50 score 0.9410714285714286\n",
      "Momentum True layers 100 score 0.9196428571428571\n",
      "Momentum True layers 100 score 0.9410714285714286\n",
      "Momentum True layers 100 score 0.9428571428571428\n",
      "Momentum True layers 100 score 0.9392857142857143\n",
      "Momentum True layers 100 score 0.9428571428571428\n",
      "Momentum False layers 100 score 0.9178571428571428\n",
      "Momentum False layers 100 score 0.9410714285714286\n",
      "Momentum False layers 100 score 0.9446428571428571\n",
      "Momentum False layers 100 score 0.9392857142857143\n",
      "Momentum False layers 100 score 0.9517857142857142\n",
      "Momentum True layers 10 score 0.9178571428571428\n",
      "Momentum True layers 10 score 0.9410714285714286\n",
      "Momentum True layers 10 score 0.9446428571428571\n",
      "Momentum True layers 10 score 0.9392857142857143\n",
      "Momentum True layers 10 score 0.9517857142857142\n",
      "Momentum False layers 10 score 0.9178571428571428\n",
      "Momentum False layers 10 score 0.9392857142857143\n",
      "Momentum False layers 10 score 0.9446428571428571\n",
      "Momentum False layers 10 score 0.9392857142857143\n",
      "Momentum False layers 10 score 0.95\n",
      "Momentum True layers 50 score 0.9178571428571428\n",
      "Momentum True layers 50 score 0.9410714285714286\n",
      "Momentum True layers 50 score 0.9446428571428571\n",
      "Momentum True layers 50 score 0.9392857142857143\n",
      "Momentum True layers 50 score 0.9553571428571429\n",
      "Momentum False layers 50 score 0.9178571428571428\n",
      "Momentum False layers 50 score 0.9392857142857143\n",
      "Momentum False layers 50 score 0.925\n",
      "Momentum False layers 50 score 0.9392857142857143\n",
      "Momentum False layers 50 score 0.8839285714285714\n",
      "Momentum True layers 100 score 0.925\n",
      "Momentum True layers 100 score 0.9428571428571428\n",
      "Momentum True layers 100 score 0.9446428571428571\n",
      "Momentum True layers 100 score 0.9392857142857143\n",
      "Momentum True layers 100 score 0.8946428571428572\n",
      "Momentum False layers 100 score 0.9196428571428571\n",
      "Momentum False layers 100 score 0.9410714285714286\n",
      "Momentum False layers 100 score 0.9446428571428571\n",
      "Momentum False layers 100 score 0.9392857142857143\n",
      "Momentum False layers 100 score 0.9517857142857142\n",
      "Momentum True layers 10 score 0.9178571428571428\n",
      "Momentum True layers 10 score 0.9392857142857143\n",
      "Momentum True layers 10 score 0.9446428571428571\n",
      "Momentum True layers 10 score 0.9392857142857143\n",
      "Momentum True layers 10 score 0.9517857142857142\n",
      "Momentum False layers 10 score 0.9142857142857143\n",
      "Momentum False layers 10 score 0.9392857142857143\n",
      "Momentum False layers 10 score 0.9410714285714286\n",
      "Momentum False layers 10 score 0.9392857142857143\n",
      "Momentum False layers 10 score 0.9142857142857143\n",
      "Momentum True layers 50 score 0.9160714285714285\n",
      "Momentum True layers 50 score 0.9357142857142857\n",
      "Momentum True layers 50 score 0.9446428571428571\n",
      "Momentum True layers 50 score 0.9392857142857143\n",
      "Momentum True layers 50 score 0.9517857142857142\n",
      "Momentum False layers 50 score 0.9142857142857143\n",
      "Momentum False layers 50 score 0.9446428571428571\n",
      "Momentum False layers 50 score 0.9446428571428571\n",
      "Momentum False layers 50 score 0.9410714285714286\n",
      "Momentum False layers 50 score 0.95\n",
      "Momentum True layers 100 score 0.9178571428571428\n",
      "Momentum True layers 100 score 0.8696428571428572\n",
      "Momentum True layers 100 score 0.9392857142857143\n",
      "Momentum True layers 100 score 0.9375\n",
      "Momentum True layers 100 score 0.9517857142857142\n",
      "Momentum False layers 100 score 0.9142857142857143\n",
      "Momentum False layers 100 score 0.9392857142857143\n",
      "Momentum False layers 100 score 0.9410714285714286\n",
      "Momentum False layers 100 score 0.8696428571428572\n",
      "Momentum False layers 100 score 0.95\n",
      "Momentum True layers 10 score 0.9142857142857143\n",
      "Momentum True layers 10 score 0.9410714285714286\n",
      "Momentum True layers 10 score 0.9446428571428571\n",
      "Momentum True layers 10 score 0.9392857142857143\n",
      "Momentum True layers 10 score 0.95\n",
      "Momentum False layers 10 score 0.9142857142857143\n",
      "Momentum False layers 10 score 0.9392857142857143\n",
      "Momentum False layers 10 score 0.8946428571428572\n",
      "Momentum False layers 10 score 0.9392857142857143\n",
      "Momentum False layers 10 score 0.95\n",
      "Momentum True layers 50 score 0.9160714285714285\n",
      "Momentum True layers 50 score 0.9392857142857143\n",
      "Momentum True layers 50 score 0.9446428571428571\n",
      "Momentum True layers 50 score 0.9392857142857143\n",
      "Momentum True layers 50 score 0.95\n",
      "Momentum False layers 50 score 0.9142857142857143\n",
      "Momentum False layers 50 score 0.9410714285714286\n",
      "Momentum False layers 50 score 0.9446428571428571\n"
     ]
    },
    {
     "name": "stdout",
     "output_type": "stream",
     "text": [
      "Momentum False layers 50 score 0.9392857142857143\n",
      "Momentum False layers 50 score 0.95\n",
      "Momentum True layers 100 score 0.9178571428571428\n",
      "Momentum True layers 100 score 0.9392857142857143\n",
      "Momentum True layers 100 score 0.9446428571428571\n",
      "Momentum True layers 100 score 0.9392857142857143\n",
      "Momentum True layers 100 score 0.9517857142857142\n",
      "Momentum False layers 100 score 0.9160714285714285\n",
      "Momentum False layers 100 score 0.9410714285714286\n",
      "Momentum False layers 100 score 0.9446428571428571\n",
      "Momentum False layers 100 score 0.9392857142857143\n",
      "Momentum False layers 100 score 0.95\n",
      "Momentum True layers 10 score 0.9196428571428571\n",
      "Momentum True layers 10 score 0.9392857142857143\n",
      "Momentum True layers 10 score 0.9428571428571428\n",
      "Momentum True layers 10 score 0.9392857142857143\n",
      "Momentum True layers 10 score 0.9535714285714286\n",
      "Momentum False layers 10 score 0.9178571428571428\n",
      "Momentum False layers 10 score 0.9410714285714286\n",
      "Momentum False layers 10 score 0.9446428571428571\n",
      "Momentum False layers 10 score 0.9392857142857143\n",
      "Momentum False layers 10 score 0.9517857142857142\n",
      "Momentum True layers 50 score 0.9178571428571428\n",
      "Momentum True layers 50 score 0.9392857142857143\n",
      "Momentum True layers 50 score 0.9446428571428571\n",
      "Momentum True layers 50 score 0.9410714285714286\n",
      "Momentum True layers 50 score 0.9517857142857142\n",
      "Momentum False layers 50 score 0.925\n",
      "Momentum False layers 50 score 0.9410714285714286\n",
      "Momentum False layers 50 score 0.9428571428571428\n",
      "Momentum False layers 50 score 0.9357142857142857\n",
      "Momentum False layers 50 score 0.9535714285714286\n",
      "Momentum True layers 100 score 0.9178571428571428\n",
      "Momentum True layers 100 score 0.9410714285714286\n",
      "Momentum True layers 100 score 0.9446428571428571\n",
      "Momentum True layers 100 score 0.9392857142857143\n",
      "Momentum True layers 100 score 0.9517857142857142\n",
      "Momentum False layers 100 score 0.9160714285714285\n",
      "Momentum False layers 100 score 0.9410714285714286\n",
      "Momentum False layers 100 score 0.9446428571428571\n",
      "Momentum False layers 100 score 0.9392857142857143\n",
      "Momentum False layers 100 score 0.95\n"
     ]
    }
   ],
   "source": [
    "#prepare test split\n",
    "X=x_set\n",
    "y=y_set\n",
    "\n",
    "layer_widths = [10,50,100]\n",
    "momentum = [False, True]\n",
    "\n",
    "clsf = {\n",
    "    '10T' : (10,True),\n",
    "    '10F' : (10,False),\n",
    "    '50T' : (50,True),\n",
    "    '50F' : (50,False),\n",
    "    '100T' : (100,True),\n",
    "    '100F' : (100,False),\n",
    "}\n",
    "\n",
    "train_evaluate(X,y,clsf)"
   ]
  },
  {
   "cell_type": "code",
   "execution_count": 28,
   "metadata": {},
   "outputs": [
    {
     "name": "stdout",
     "output_type": "stream",
     "text": [
      "[[[0.91785714 0.94107143 0.94464286 0.93928571 0.95178571]\n",
      "  [0.91785714 0.94107143 0.94464286 0.93928571 0.95      ]\n",
      "  [0.91785714 0.94107143 0.94464286 0.93928571 0.95178571]\n",
      "  [0.91071429 0.94107143 0.94285714 0.93928571 0.94464286]\n",
      "  [0.91785714 0.94107143 0.94464286 0.93928571 0.95178571]\n",
      "  [0.91785714 0.94107143 0.94464286 0.93928571 0.95178571]]\n",
      "\n",
      " [[0.91785714 0.94107143 0.94464286 0.93928571 0.95178571]\n",
      "  [0.91785714 0.94107143 0.94464286 0.93928571 0.95178571]\n",
      "  [0.91428571 0.94107143 0.94285714 0.93928571 0.94821429]\n",
      "  [0.91428571 0.94107143 0.94285714 0.93928571 0.94821429]\n",
      "  [0.91785714 0.94107143 0.94464286 0.93928571 0.95178571]\n",
      "  [0.91607143 0.94107143 0.94464286 0.94285714 0.95      ]]\n",
      "\n",
      " [[0.91785714 0.94107143 0.94464286 0.93928571 0.95178571]\n",
      "  [0.91785714 0.94107143 0.94464286 0.93928571 0.95178571]\n",
      "  [0.91785714 0.94107143 0.94464286 0.93928571 0.95178571]\n",
      "  [0.91607143 0.94107143 0.93392857 0.92678571 0.94107143]\n",
      "  [0.91964286 0.94107143 0.94285714 0.93928571 0.94285714]\n",
      "  [0.91785714 0.94107143 0.94464286 0.93928571 0.95178571]]\n",
      "\n",
      " [[0.91785714 0.94107143 0.94464286 0.93928571 0.95178571]\n",
      "  [0.91785714 0.93928571 0.94464286 0.93928571 0.95      ]\n",
      "  [0.91785714 0.94107143 0.94464286 0.93928571 0.95535714]\n",
      "  [0.91785714 0.93928571 0.925      0.93928571 0.88392857]\n",
      "  [0.925      0.94285714 0.94464286 0.93928571 0.89464286]\n",
      "  [0.91964286 0.94107143 0.94464286 0.93928571 0.95178571]]\n",
      "\n",
      " [[0.91785714 0.93928571 0.94464286 0.93928571 0.95178571]\n",
      "  [0.91428571 0.93928571 0.94107143 0.93928571 0.91428571]\n",
      "  [0.91607143 0.93571429 0.94464286 0.93928571 0.95178571]\n",
      "  [0.91428571 0.94464286 0.94464286 0.94107143 0.95      ]\n",
      "  [0.91785714 0.86964286 0.93928571 0.9375     0.95178571]\n",
      "  [0.91428571 0.93928571 0.94107143 0.86964286 0.95      ]]\n",
      "\n",
      " [[0.91428571 0.94107143 0.94464286 0.93928571 0.95      ]\n",
      "  [0.91428571 0.93928571 0.89464286 0.93928571 0.95      ]\n",
      "  [0.91607143 0.93928571 0.94464286 0.93928571 0.95      ]\n",
      "  [0.91428571 0.94107143 0.94464286 0.93928571 0.95      ]\n",
      "  [0.91785714 0.93928571 0.94464286 0.93928571 0.95178571]\n",
      "  [0.91607143 0.94107143 0.94464286 0.93928571 0.95      ]]\n",
      "\n",
      " [[0.91964286 0.93928571 0.94285714 0.93928571 0.95357143]\n",
      "  [0.91785714 0.94107143 0.94464286 0.93928571 0.95178571]\n",
      "  [0.91785714 0.93928571 0.94464286 0.94107143 0.95178571]\n",
      "  [0.925      0.94107143 0.94285714 0.93571429 0.95357143]\n",
      "  [0.91785714 0.94107143 0.94464286 0.93928571 0.95178571]\n",
      "  [0.91607143 0.94107143 0.94464286 0.93928571 0.95      ]]]\n"
     ]
    }
   ],
   "source": [
    "print(scores)"
   ]
  },
  {
   "cell_type": "code",
   "execution_count": 79,
   "metadata": {},
   "outputs": [
    {
     "name": "stdout",
     "output_type": "stream",
     "text": [
      "\n",
      "\n",
      " t-statistic for 1 of featueres:\n",
      "\n",
      " [[ 0.          0.0451754   0.          0.37829822  0.          0.        ]\n",
      " [-0.0451754   0.         -0.0451754   0.34143168 -0.0451754  -0.0451754 ]\n",
      " [ 0.          0.0451754   0.          0.37829822  0.          0.        ]\n",
      " [-0.37829822 -0.34143168 -0.37829822  0.         -0.37829822 -0.37829822]\n",
      " [ 0.          0.0451754   0.          0.37829822  0.          0.        ]\n",
      " [ 0.          0.0451754   0.          0.37829822  0.          0.        ]] \n",
      "\n",
      "p-value:\n",
      " [[1.         0.9650748  1.         0.71505011 1.         1.        ]\n",
      " [0.9650748  1.         0.9650748  0.74157355 0.9650748  0.9650748 ]\n",
      " [1.         0.9650748  1.         0.71505011 1.         1.        ]\n",
      " [0.71505011 0.74157355 0.71505011 1.         0.71505011 0.71505011]\n",
      " [1.         0.9650748  1.         0.71505011 1.         1.        ]\n",
      " [1.         0.9650748  1.         0.71505011 1.         1.        ]]\n",
      "\n",
      "\n",
      " t-statistic for 2 of featueres:\n",
      "\n",
      " [[ 0.          0.          0.21780342  0.21780342  0.          0.        ]\n",
      " [ 0.          0.          0.21780342  0.21780342  0.          0.        ]\n",
      " [-0.21780342 -0.21780342  0.          0.         -0.21780342 -0.21378456]\n",
      " [-0.21780342 -0.21780342  0.          0.         -0.21780342 -0.21378456]\n",
      " [ 0.          0.          0.21780342  0.21780342  0.          0.        ]\n",
      " [ 0.          0.          0.21378456  0.21378456  0.          0.        ]] \n",
      "\n",
      "p-value:\n",
      " [[1.         1.         0.83303503 0.83303503 1.         1.        ]\n",
      " [1.         1.         0.83303503 0.83303503 1.         1.        ]\n",
      " [0.83303503 0.83303503 1.         1.         0.83303503 0.83606308]\n",
      " [0.83303503 0.83303503 1.         1.         0.83303503 0.83606308]\n",
      " [1.         1.         0.83303503 0.83303503 1.         1.        ]\n",
      " [1.         1.         0.83606308 0.83606308 1.         1.        ]]\n",
      "\n",
      "\n",
      " t-statistic for 3 of featueres:\n",
      "\n",
      " [[ 0.          0.          0.          0.96504688  0.2478408   0.        ]\n",
      " [ 0.          0.          0.          0.96504688  0.2478408   0.        ]\n",
      " [ 0.          0.          0.          0.96504688  0.2478408   0.        ]\n",
      " [-0.96504688 -0.96504688 -0.96504688  0.         -0.82634908 -0.96504688]\n",
      " [-0.2478408  -0.2478408  -0.2478408   0.82634908  0.         -0.2478408 ]\n",
      " [ 0.          0.          0.          0.96504688  0.2478408   0.        ]] \n",
      "\n",
      "p-value:\n",
      " [[1.         1.         1.         0.36278343 0.81050038 1.        ]\n",
      " [1.         1.         1.         0.36278343 0.81050038 1.        ]\n",
      " [1.         1.         1.         0.36278343 0.81050038 1.        ]\n",
      " [0.36278343 0.36278343 0.36278343 1.         0.43255863 0.36278343]\n",
      " [0.81050038 0.81050038 0.81050038 0.43255863 1.         0.81050038]\n",
      " [1.         1.         1.         0.36278343 0.81050038 1.        ]]\n",
      "\n",
      "\n",
      " t-statistic for 4 of featueres:\n",
      "\n",
      " [[ 0.          0.09058216 -0.08551382  1.53248831  0.88299442 -0.04571503]\n",
      " [-0.09058216  0.         -0.17416014  1.48485174  0.82624879 -0.14002801]\n",
      " [ 0.08551382  0.17416014  0.          1.56466181  0.92874329  0.04391629]\n",
      " [-1.53248831 -1.48485174 -1.56466181  0.         -0.59534768 -1.5844929 ]\n",
      " [-0.88299442 -0.82624879 -0.92874329  0.59534768  0.         -0.92998111]\n",
      " [ 0.04571503  0.14002801 -0.04391629  1.5844929   0.92998111  0.        ]] \n",
      "\n",
      "p-value:\n",
      " [[1.         0.93005153 0.93395432 0.16394056 0.40299216 0.96465793]\n",
      " [0.93005153 1.         0.86606616 0.17588251 0.43261229 0.89209916]\n",
      " [0.93395432 0.86606616 1.         0.15629268 0.38019147 0.96604751]\n",
      " [0.16394056 0.17588251 0.15629268 1.         0.56806603 0.15174101]\n",
      " [0.40299216 0.43261229 0.38019147 0.56806603 1.         0.37958794]\n",
      " [0.96465793 0.89209916 0.96604751 0.15174101 0.37958794 1.        ]]\n",
      "\n",
      "\n",
      " t-statistic for 5 of featueres:\n",
      "\n",
      " [[ 0.          1.05597151  0.1298227  -0.04207032  0.98935574  1.00546808]\n",
      " [-1.05597151  0.         -0.90457651 -1.04208626  0.40798604  0.42780425]\n",
      " [-0.1298227   0.90457651  0.         -0.16384638  0.91287093  0.92942091]\n",
      " [ 0.04207032  1.04208626  0.16384638  0.          0.9961484   1.0120668 ]\n",
      " [-0.98935574 -0.40798604 -0.91287093 -0.9961484   0.          0.01740513]\n",
      " [-1.00546808 -0.42780425 -0.92942091 -1.0120668  -0.01740513  0.        ]] \n",
      "\n",
      "p-value:\n",
      " [[1.         0.32182418 0.89991157 0.96747369 0.35146474 0.34411116]\n",
      " [0.32182418 1.         0.39211578 0.32783699 0.6939847  0.6800769 ]\n",
      " [0.89991157 0.39211578 1.         0.87391586 0.38799286 0.37986099]\n",
      " [0.96747369 0.32783699 0.87391586 1.         0.34835019 0.34113363]\n",
      " [0.35146474 0.6939847  0.38799286 0.34835019 1.         0.98653967]\n",
      " [0.34411116 0.6800769  0.37986099 0.34113363 0.98653967 1.        ]]\n",
      "\n",
      "\n",
      " t-statistic for 6 of featueres:\n",
      "\n",
      " [[ 0.          0.87537821  0.          0.         -0.08528029 -0.04207032]\n",
      " [-0.87537821  0.         -0.88967939 -0.87537821 -0.95645307 -0.9190614 ]\n",
      " [ 0.          0.88967939  0.          0.         -0.08813053 -0.04343722]\n",
      " [ 0.          0.87537821  0.          0.         -0.08528029 -0.04207032]\n",
      " [ 0.08528029  0.95645307  0.08813053  0.08528029  0.          0.04393748]\n",
      " [ 0.04207032  0.9190614   0.04343722  0.04207032 -0.04393748  0.        ]] \n",
      "\n",
      "p-value:\n",
      " [[1.         0.4068816  1.         1.         0.9341342  0.96747369]\n",
      " [0.4068816  1.         0.3996003  0.4068816  0.36684961 0.38493639]\n",
      " [1.         0.3996003  1.         1.         0.93193912 0.96641762]\n",
      " [1.         0.4068816  1.         1.         0.9341342  0.96747369]\n",
      " [0.9341342  0.36684961 0.93193912 0.9341342  1.         0.96603114]\n",
      " [0.96747369 0.38493639 0.96641762 0.96747369 0.96603114 1.        ]]\n",
      "\n",
      "\n",
      " t-statistic for 7 of featueres:\n",
      "\n",
      " [[ 0.00000000e+00 -2.81010087e-14 -2.81010087e-14 -9.91363194e-02\n",
      "  -2.81010087e-14  8.92199473e-02]\n",
      " [ 2.81010087e-14  0.00000000e+00  0.00000000e+00 -9.70713676e-02\n",
      "   0.00000000e+00  8.77058019e-02]\n",
      " [ 2.81010087e-14  0.00000000e+00  0.00000000e+00 -9.70713676e-02\n",
      "   0.00000000e+00  8.77058019e-02]\n",
      " [ 9.91363194e-02  9.70713676e-02  9.70713676e-02  0.00000000e+00\n",
      "   9.70713676e-02  1.91236577e-01]\n",
      " [ 2.81010087e-14  0.00000000e+00  0.00000000e+00 -9.70713676e-02\n",
      "   0.00000000e+00  8.77058019e-02]\n",
      " [-8.92199473e-02 -8.77058019e-02 -8.77058019e-02 -1.91236577e-01\n",
      "  -8.77058019e-02  0.00000000e+00]] \n",
      "\n",
      "p-value:\n",
      " [[1.         1.         1.         0.92346917 1.         0.93110029]\n",
      " [1.         1.         1.         0.92505758 1.         0.93226618]\n",
      " [1.         1.         1.         0.92505758 1.         0.93226618]\n",
      " [0.92346917 0.92505758 0.92505758 1.         0.92505758 0.85310459]\n",
      " [1.         1.         1.         0.92505758 1.         0.93226618]\n",
      " [0.93110029 0.93226618 0.93226618 0.85310459 0.93226618 1.        ]]\n"
     ]
    }
   ],
   "source": [
    "from scipy.stats import ttest_ind\n",
    "\n",
    "alfa = .05\n",
    "t_statistic = np.zeros((7,len(clsf), len(clsf)))\n",
    "p_value = np.zeros((7,len(clsf), len(clsf)))\n",
    "\n",
    "\n",
    "\n",
    "for feature_count in range(0,7):\n",
    "    for i in range(len(clsf)):\n",
    "        for j in range(len(clsf)):\n",
    "            t_statistic[feature_count,i, j], p_value[feature_count,i, j] = ttest_ind(scores[feature_count][i], scores[feature_count][j]) \n",
    "    print(f\"\\n\\n t-statistic for {feature_count+1} of featueres:\\n\\n\", t_statistic[feature_count], \"\\n\\np-value:\\n\", p_value[feature_count])\n",
    "    \n",
    "\n",
    "    \n",
    "\n"
   ]
  },
  {
   "cell_type": "code",
   "execution_count": 80,
   "metadata": {},
   "outputs": [
    {
     "name": "stdout",
     "output_type": "stream",
     "text": [
      "\n",
      "For 1 numbers of features\n",
      "\n",
      "t-statistic:\n",
      "         10T    10F    50T    50F    100T    100F\n",
      "----  -----  -----  -----  -----  ------  ------\n",
      "10T    0.00   0.05   0.00   0.38    0.00    0.00\n",
      "10F   -0.05   0.00  -0.05   0.34   -0.05   -0.05\n",
      "50T    0.00   0.05   0.00   0.38    0.00    0.00\n",
      "50F   -0.38  -0.34  -0.38   0.00   -0.38   -0.38\n",
      "100T   0.00   0.05   0.00   0.38    0.00    0.00\n",
      "100F   0.00   0.05   0.00   0.38    0.00    0.00 \n",
      "\n",
      "p-value:\n",
      "         10T    10F    50T    50F    100T    100F\n",
      "----  -----  -----  -----  -----  ------  ------\n",
      "10T    1.00   0.97   1.00   0.72    1.00    1.00\n",
      "10F    0.97   1.00   0.97   0.74    0.97    0.97\n",
      "50T    1.00   0.97   1.00   0.72    1.00    1.00\n",
      "50F    0.72   0.74   0.72   1.00    0.72    0.72\n",
      "100T   1.00   0.97   1.00   0.72    1.00    1.00\n",
      "100F   1.00   0.97   1.00   0.72    1.00    1.00\n",
      "\n",
      "For 2 numbers of features\n",
      "\n",
      "t-statistic:\n",
      "         10T    10F    50T    50F    100T    100F\n",
      "----  -----  -----  -----  -----  ------  ------\n",
      "10T    0.00   0.00   0.22   0.22    0.00    0.00\n",
      "10F    0.00   0.00   0.22   0.22    0.00    0.00\n",
      "50T   -0.22  -0.22   0.00   0.00   -0.22   -0.21\n",
      "50F   -0.22  -0.22   0.00   0.00   -0.22   -0.21\n",
      "100T   0.00   0.00   0.22   0.22    0.00    0.00\n",
      "100F   0.00   0.00   0.21   0.21    0.00    0.00 \n",
      "\n",
      "p-value:\n",
      "         10T    10F    50T    50F    100T    100F\n",
      "----  -----  -----  -----  -----  ------  ------\n",
      "10T    1.00   1.00   0.83   0.83    1.00    1.00\n",
      "10F    1.00   1.00   0.83   0.83    1.00    1.00\n",
      "50T    0.83   0.83   1.00   1.00    0.83    0.84\n",
      "50F    0.83   0.83   1.00   1.00    0.83    0.84\n",
      "100T   1.00   1.00   0.83   0.83    1.00    1.00\n",
      "100F   1.00   1.00   0.84   0.84    1.00    1.00\n",
      "\n",
      "For 3 numbers of features\n",
      "\n",
      "t-statistic:\n",
